# Date         : 2017-10-25
# Time         : 10:23:09.474000
# File Name    : F:\2017_18_10_IOFLOW\particles_50Hz\NR3.avi
# Record Rate  : 50.000000
#
# Calibration 1 : Name: Calibration1, Type: Normal, Scale: 80.2756 pixels/centimeter,        0.0124571 centimeters/pixel, Origin: 444.0, 291.5 pixels, Tilt: 0 degrees, System: Right-Handed Coordinate, Calibration Units: Centimeters
# Export Units : Meters
#
#
#   Frame   Time            Feature 1 ()                  
#                           x               y             
      -29, -5.800000e-001, -1.000000e+000, -1.000000e+000
      -28, -5.600000e-001, -1.000000e+000, -1.000000e+000
      -27, -5.400000e-001, -1.000000e+000, -1.000000e+000
      -26, -5.200000e-001, -1.000000e+000, -1.000000e+000
      -25, -5.000000e-001, -1.000000e+000, -1.000000e+000
      -24, -4.800000e-001, -1.000000e+000, -1.000000e+000
      -23, -4.600000e-001, -1.000000e+000, -1.000000e+000
      -22, -4.400000e-001, -1.000000e+000, -1.000000e+000
      -21, -4.200000e-001, -1.000000e+000, -1.000000e+000
      -20, -4.000000e-001, -1.000000e+000, -1.000000e+000
      -19, -3.800000e-001, -1.000000e+000, -1.000000e+000
      -18, -3.600000e-001, -1.000000e+000, -1.000000e+000
      -17, -3.400000e-001, -1.000000e+000, -1.000000e+000
      -16, -3.200000e-001, -1.000000e+000, -1.000000e+000
      -15, -3.000000e-001, -1.000000e+000, -1.000000e+000
      -14, -2.800000e-001, -1.000000e+000, -1.000000e+000
      -13, -2.600000e-001, -1.000000e+000, -1.000000e+000
      -12, -2.400000e-001, -1.000000e+000, -1.000000e+000
      -11, -2.200000e-001, -1.000000e+000, -1.000000e+000
      -10, -2.000000e-001, -1.000000e+000, -1.000000e+000
       -9, -1.800000e-001, -1.000000e+000, -1.000000e+000
       -8, -1.600000e-001, -1.000000e+000, -1.000000e+000
       -7, -1.400000e-001, -1.000000e+000, -1.000000e+000
       -6, -1.200000e-001, -1.000000e+000, -1.000000e+000
       -5, -1.000000e-001, -1.000000e+000, -1.000000e+000
       -4, -8.000000e-002, -1.000000e+000, -1.000000e+000
       -3, -6.000000e-002, -1.000000e+000, -1.000000e+000
       -2, -4.000000e-002, -1.000000e+000, -1.000000e+000
       -1, -2.000000e-002, -1.000000e+000, -1.000000e+000
        0,  0.000000e+000,  1.245709e-004,  6.228546e-005
        1,  2.000000e-002,  1.743993e-004, -3.737127e-005
        2,  4.000000e-002,  2.491418e-004, -1.245709e-004
        3,  6.000000e-002,  3.238844e-004, -3.114273e-004
        4,  8.000000e-002,  3.238844e-004, -4.982837e-004
        5,  1.000000e-001,  3.238844e-004, -6.851400e-004
        6,  1.200000e-001,  3.114273e-004, -8.470822e-004
        7,  1.400000e-001,  3.238844e-004, -1.058853e-003
        8,  1.600000e-001,  2.491418e-004, -1.245709e-003
        9,  1.800000e-001,  1.993135e-004, -1.457480e-003
       10,  2.000000e-001,  1.868564e-004, -1.681707e-003
       11,  2.200000e-001,  1.868564e-004, -1.930849e-003
       12,  2.400000e-001,  1.743993e-004, -2.155077e-003
       13,  2.600000e-001,  1.245709e-004, -2.366847e-003
       14,  2.800000e-001,  1.245709e-004, -2.615989e-003
       15,  3.000000e-001,  1.245709e-004, -2.877588e-003
       16,  3.200000e-001,  8.719964e-005, -3.076902e-003
       17,  3.400000e-001,  6.228546e-005, -3.375872e-003
       18,  3.600000e-001,  7.474255e-005, -3.550271e-003
       19,  3.800000e-001,  7.474255e-005, -3.799413e-003
       20,  4.000000e-001,  7.474255e-005, -4.048555e-003
       21,  4.200000e-001,  7.474255e-005, -4.297697e-003
       22,  4.400000e-001, -6.228546e-005, -4.546838e-003
       23,  4.600000e-001, -6.228546e-005, -4.795980e-003
       24,  4.800000e-001, -6.228546e-005, -5.045122e-003
       25,  5.000000e-001, -6.228546e-005, -5.294264e-003
       26,  5.200000e-001, -6.228546e-005, -5.543406e-003
       27,  5.400000e-001, -6.228546e-005, -5.792548e-003
       28,  5.600000e-001, -6.228546e-005, -6.041689e-003
       29,  5.800000e-001, -6.228546e-005, -6.290831e-003
       30,  6.000000e-001, -6.228546e-005, -6.539973e-003
       31,  6.200000e-001, -6.228546e-005, -6.814029e-003
       32,  6.400000e-001, -4.982837e-005, -7.100542e-003
       33,  6.600000e-001, -1.245709e-004, -7.349684e-003
       34,  6.800000e-001, -1.245709e-004, -7.598826e-003
       35,  7.000000e-001, -1.245709e-004, -7.847968e-003
       36,  7.200000e-001, -1.245709e-004, -8.234137e-003
       37,  7.400000e-001, -1.245709e-004, -8.483279e-003
       38,  7.600000e-001, -1.245709e-004, -8.732421e-003
       39,  7.800000e-001, -1.245709e-004, -8.969106e-003
       40,  8.000000e-001, -1.245709e-004, -9.218248e-003
       41,  8.200000e-001, -1.245709e-004, -9.479847e-003
       42,  8.400000e-001, -1.245709e-004, -9.654246e-003
       43,  8.600000e-001, -1.868564e-004, -9.978130e-003
       44,  8.800000e-001, -1.868564e-004, -1.009024e-002
       45,  9.000000e-001, -1.868564e-004, -1.040167e-002
       46,  9.200000e-001, -1.868564e-004, -1.060098e-002
       47,  9.400000e-001, -1.868564e-004, -1.088750e-002
       48,  9.600000e-001, -1.494851e-004, -1.094978e-002
       49,  9.800000e-001, -2.491418e-004, -1.127367e-002
       50,  1.000000e+000, -1.619422e-004, -1.164738e-002
       51,  1.020000e+000, -1.494851e-004, -1.174704e-002
       52,  1.040000e+000, -1.494851e-004, -1.177195e-002
       53,  1.060000e+000, -3.114273e-004, -1.209584e-002
       54,  1.080000e+000, -3.114273e-004, -1.233252e-002
       55,  1.100000e+000, -3.114273e-004, -1.264395e-002
       56,  1.120000e+000, -3.737127e-004, -1.289309e-002
       57,  1.140000e+000, -2.989702e-004, -1.324189e-002
       58,  1.160000e+000, -2.989702e-004, -1.349103e-002
       59,  1.180000e+000, -3.737127e-004, -1.364052e-002
       60,  1.200000e+000, -3.114273e-004, -1.395194e-002
       61,  1.220000e+000, -3.737127e-004, -1.420108e-002
       62,  1.240000e+000, -2.615989e-004, -1.431320e-002
       63,  1.260000e+000, -4.609124e-004, -1.457480e-002
       64,  1.280000e+000, -4.609124e-004, -1.482394e-002
       65,  1.300000e+000, -4.484553e-004, -1.507308e-002
       66,  1.320000e+000, -2.740560e-004, -1.532222e-002
       67,  1.340000e+000, -3.737127e-004, -1.557136e-002
       68,  1.360000e+000, -3.737127e-004, -1.582051e-002
       69,  1.380000e+000, -4.359982e-004, -1.600736e-002
       70,  1.400000e+000, -3.737127e-004, -1.619422e-002
       71,  1.420000e+000, -4.982837e-004, -1.625650e-002
       72,  1.440000e+000, -1.000000e+000, -1.000000e+000
       73,  1.460000e+000, -1.000000e+000, -1.000000e+000
       74,  1.480000e+000, -1.000000e+000, -1.000000e+000
       75,  1.500000e+000, -1.000000e+000, -1.000000e+000
       76,  1.520000e+000, -1.000000e+000, -1.000000e+000
       77,  1.540000e+000, -1.000000e+000, -1.000000e+000
       78,  1.560000e+000, -1.000000e+000, -1.000000e+000
       79,  1.580000e+000, -1.000000e+000, -1.000000e+000
       80,  1.600000e+000, -1.000000e+000, -1.000000e+000
       81,  1.620000e+000, -1.000000e+000, -1.000000e+000
       82,  1.640000e+000, -1.000000e+000, -1.000000e+000
       83,  1.660000e+000, -1.000000e+000, -1.000000e+000
       84,  1.680000e+000, -1.000000e+000, -1.000000e+000
       85,  1.700000e+000, -1.000000e+000, -1.000000e+000
       86,  1.720000e+000, -1.000000e+000, -1.000000e+000
       87,  1.740000e+000, -1.000000e+000, -1.000000e+000
       88,  1.760000e+000, -1.000000e+000, -1.000000e+000
       89,  1.780000e+000, -1.000000e+000, -1.000000e+000
       90,  1.800000e+000, -1.000000e+000, -1.000000e+000
       91,  1.820000e+000, -1.000000e+000, -1.000000e+000
       92,  1.840000e+000, -1.000000e+000, -1.000000e+000
       93,  1.860000e+000, -1.000000e+000, -1.000000e+000
       94,  1.880000e+000, -1.000000e+000, -1.000000e+000
       95,  1.900000e+000, -1.000000e+000, -1.000000e+000
       96,  1.920000e+000, -1.000000e+000, -1.000000e+000
       97,  1.940000e+000, -1.000000e+000, -1.000000e+000
       98,  1.960000e+000, -1.000000e+000, -1.000000e+000
       99,  1.980000e+000, -1.000000e+000, -1.000000e+000
      100,  2.000000e+000, -1.000000e+000, -1.000000e+000
      101,  2.020000e+000, -1.000000e+000, -1.000000e+000
      102,  2.040000e+000, -1.000000e+000, -1.000000e+000
      103,  2.060000e+000, -1.000000e+000, -1.000000e+000
      104,  2.080000e+000, -1.000000e+000, -1.000000e+000
      105,  2.100000e+000, -1.000000e+000, -1.000000e+000
      106,  2.120000e+000, -1.000000e+000, -1.000000e+000
      107,  2.140000e+000, -1.000000e+000, -1.000000e+000
      108,  2.160000e+000, -1.000000e+000, -1.000000e+000
      109,  2.180000e+000, -1.000000e+000, -1.000000e+000
      110,  2.200000e+000, -1.000000e+000, -1.000000e+000
      111,  2.220000e+000, -1.000000e+000, -1.000000e+000
      112,  2.240000e+000, -1.000000e+000, -1.000000e+000
      113,  2.260000e+000, -1.000000e+000, -1.000000e+000
      114,  2.280000e+000, -1.000000e+000, -1.000000e+000
      115,  2.300000e+000, -1.000000e+000, -1.000000e+000
      116,  2.320000e+000, -1.000000e+000, -1.000000e+000
      117,  2.340000e+000, -1.000000e+000, -1.000000e+000
      118,  2.360000e+000, -1.000000e+000, -1.000000e+000
      119,  2.380000e+000, -1.000000e+000, -1.000000e+000
      120,  2.400000e+000, -1.000000e+000, -1.000000e+000
      121,  2.420000e+000, -1.000000e+000, -1.000000e+000
      122,  2.440000e+000, -1.000000e+000, -1.000000e+000
      123,  2.460000e+000, -1.000000e+000, -1.000000e+000
      124,  2.480000e+000, -1.000000e+000, -1.000000e+000
      125,  2.500000e+000, -1.000000e+000, -1.000000e+000
      126,  2.520000e+000, -1.000000e+000, -1.000000e+000
      127,  2.540000e+000, -1.000000e+000, -1.000000e+000
      128,  2.560000e+000, -1.000000e+000, -1.000000e+000
      129,  2.580000e+000, -1.000000e+000, -1.000000e+000
      130,  2.600000e+000, -1.000000e+000, -1.000000e+000
      131,  2.620000e+000, -1.000000e+000, -1.000000e+000
      132,  2.640000e+000, -1.000000e+000, -1.000000e+000
      133,  2.660000e+000, -1.000000e+000, -1.000000e+000
      134,  2.680000e+000, -1.000000e+000, -1.000000e+000
      135,  2.700000e+000, -1.000000e+000, -1.000000e+000
      136,  2.720000e+000, -1.000000e+000, -1.000000e+000
      137,  2.740000e+000, -1.000000e+000, -1.000000e+000
      138,  2.760000e+000, -1.000000e+000, -1.000000e+000
      139,  2.780000e+000, -1.000000e+000, -1.000000e+000
      140,  2.800000e+000, -1.000000e+000, -1.000000e+000
      141,  2.820000e+000, -1.000000e+000, -1.000000e+000
      142,  2.840000e+000, -1.000000e+000, -1.000000e+000
      143,  2.860000e+000, -1.000000e+000, -1.000000e+000
      144,  2.880000e+000, -1.000000e+000, -1.000000e+000
      145,  2.900000e+000, -1.000000e+000, -1.000000e+000
      146,  2.920000e+000, -1.000000e+000, -1.000000e+000
      147,  2.940000e+000, -1.000000e+000, -1.000000e+000
      148,  2.960000e+000, -1.000000e+000, -1.000000e+000
      149,  2.980000e+000, -1.000000e+000, -1.000000e+000
      150,  3.000000e+000, -1.000000e+000, -1.000000e+000
      151,  3.020000e+000, -1.000000e+000, -1.000000e+000
      152,  3.040000e+000, -1.000000e+000, -1.000000e+000
      153,  3.060000e+000, -1.000000e+000, -1.000000e+000
      154,  3.080000e+000, -1.000000e+000, -1.000000e+000
      155,  3.100000e+000, -1.000000e+000, -1.000000e+000
      156,  3.120000e+000, -1.000000e+000, -1.000000e+000
      157,  3.140000e+000, -1.000000e+000, -1.000000e+000
      158,  3.160000e+000, -1.000000e+000, -1.000000e+000
      159,  3.180000e+000, -1.000000e+000, -1.000000e+000
      160,  3.200000e+000, -1.000000e+000, -1.000000e+000
      161,  3.220000e+000, -1.000000e+000, -1.000000e+000
      162,  3.240000e+000, -1.000000e+000, -1.000000e+000
      163,  3.260000e+000, -1.000000e+000, -1.000000e+000
      164,  3.280000e+000, -1.000000e+000, -1.000000e+000
      165,  3.300000e+000, -1.000000e+000, -1.000000e+000
      166,  3.320000e+000, -1.000000e+000, -1.000000e+000
      167,  3.340000e+000, -1.000000e+000, -1.000000e+000
      168,  3.360000e+000, -1.000000e+000, -1.000000e+000
      169,  3.380000e+000, -1.000000e+000, -1.000000e+000
      170,  3.400000e+000, -1.000000e+000, -1.000000e+000
      171,  3.420000e+000, -1.000000e+000, -1.000000e+000
      172,  3.440000e+000, -1.000000e+000, -1.000000e+000
      173,  3.460000e+000, -1.000000e+000, -1.000000e+000
      174,  3.480000e+000, -1.000000e+000, -1.000000e+000
      175,  3.500000e+000, -1.000000e+000, -1.000000e+000
      176,  3.520000e+000, -1.000000e+000, -1.000000e+000
      177,  3.540000e+000, -1.000000e+000, -1.000000e+000
      178,  3.560000e+000, -1.000000e+000, -1.000000e+000
      179,  3.580000e+000, -1.000000e+000, -1.000000e+000
      180,  3.600000e+000, -1.000000e+000, -1.000000e+000
      181,  3.620000e+000, -1.000000e+000, -1.000000e+000
      182,  3.640000e+000, -1.000000e+000, -1.000000e+000
      183,  3.660000e+000, -1.000000e+000, -1.000000e+000
      184,  3.680000e+000, -1.000000e+000, -1.000000e+000
      185,  3.700000e+000, -1.000000e+000, -1.000000e+000
      186,  3.720000e+000, -1.000000e+000, -1.000000e+000
      187,  3.740000e+000, -1.000000e+000, -1.000000e+000
      188,  3.760000e+000, -1.000000e+000, -1.000000e+000
      189,  3.780000e+000, -1.000000e+000, -1.000000e+000
      190,  3.800000e+000, -1.000000e+000, -1.000000e+000
      191,  3.820000e+000, -1.000000e+000, -1.000000e+000
      192,  3.840000e+000, -1.000000e+000, -1.000000e+000
      193,  3.860000e+000, -1.000000e+000, -1.000000e+000
      194,  3.880000e+000, -1.000000e+000, -1.000000e+000
      195,  3.900000e+000, -1.000000e+000, -1.000000e+000
      196,  3.920000e+000, -1.000000e+000, -1.000000e+000
      197,  3.940000e+000, -1.000000e+000, -1.000000e+000
      198,  3.960000e+000, -1.000000e+000, -1.000000e+000
      199,  3.980000e+000, -1.000000e+000, -1.000000e+000
      200,  4.000000e+000, -1.000000e+000, -1.000000e+000
      201,  4.020000e+000, -1.000000e+000, -1.000000e+000
