# Date         : 2017-10-24
# Time         : 15:17:51.240000
# File Name    : E:\2017_18_10_IOFLOW\particles_50Hz\NR6.avi
# Record Rate  : 50.000000
#
# Calibration 1 : Name: Calibration1, Type: Normal, Scale: 80.6355 pixels/centimeter,        0.0124015 centimeters/pixel, Origin: 453.1, 324.0 pixels, Tilt: 0 degrees, System: Right-Handed Coordinate, Calibration Units: Centimeters
# Export Units : Meters
#
#
#   Frame   Time            Feature 1 ()                  
#                           x               y             
      -36, -7.200000e-001, -1.000000e+000, -1.000000e+000
      -35, -7.000000e-001, -1.000000e+000, -1.000000e+000
      -34, -6.800000e-001, -1.000000e+000, -1.000000e+000
      -33, -6.600000e-001, -1.000000e+000, -1.000000e+000
      -32, -6.400000e-001, -1.000000e+000, -1.000000e+000
      -31, -6.200000e-001, -1.000000e+000, -1.000000e+000
      -30, -6.000000e-001, -1.000000e+000, -1.000000e+000
      -29, -5.800000e-001, -1.000000e+000, -1.000000e+000
      -28, -5.600000e-001, -1.000000e+000, -1.000000e+000
      -27, -5.400000e-001, -1.000000e+000, -1.000000e+000
      -26, -5.200000e-001, -1.000000e+000, -1.000000e+000
      -25, -5.000000e-001, -1.000000e+000, -1.000000e+000
      -24, -4.800000e-001, -1.000000e+000, -1.000000e+000
      -23, -4.600000e-001, -1.000000e+000, -1.000000e+000
      -22, -4.400000e-001, -1.000000e+000, -1.000000e+000
      -21, -4.200000e-001, -1.000000e+000, -1.000000e+000
      -20, -4.000000e-001, -1.000000e+000, -1.000000e+000
      -19, -3.800000e-001, -1.000000e+000, -1.000000e+000
      -18, -3.600000e-001, -1.000000e+000, -1.000000e+000
      -17, -3.400000e-001, -1.000000e+000, -1.000000e+000
      -16, -3.200000e-001, -1.000000e+000, -1.000000e+000
      -15, -3.000000e-001, -1.000000e+000, -1.000000e+000
      -14, -2.800000e-001, -1.000000e+000, -1.000000e+000
      -13, -2.600000e-001, -1.000000e+000, -1.000000e+000
      -12, -2.400000e-001, -1.000000e+000, -1.000000e+000
      -11, -2.200000e-001, -1.000000e+000, -1.000000e+000
      -10, -2.000000e-001, -1.000000e+000, -1.000000e+000
       -9, -1.800000e-001, -1.000000e+000, -1.000000e+000
       -8, -1.600000e-001, -1.000000e+000, -1.000000e+000
       -7, -1.400000e-001, -1.000000e+000, -1.000000e+000
       -6, -1.200000e-001, -1.000000e+000, -1.000000e+000
       -5, -1.000000e-001, -1.000000e+000, -1.000000e+000
       -4, -8.000000e-002, -1.000000e+000, -1.000000e+000
       -3, -6.000000e-002, -1.000000e+000, -1.000000e+000
       -2, -4.000000e-002, -1.000000e+000, -1.000000e+000
       -1, -2.000000e-002, -1.000000e+000, -1.000000e+000
        0,  0.000000e+000, -1.240149e-005, -0.000000e+000
        1,  2.000000e-002, -1.240149e-005, -3.720447e-004
        2,  4.000000e-002, -1.240149e-005, -8.184983e-004
        3,  6.000000e-002, -1.240149e-005, -1.314558e-003
        4,  8.000000e-002, -1.240149e-005, -1.810617e-003
        5,  1.000000e-001, -1.240149e-005, -2.306677e-003
        6,  1.200000e-001, -2.480298e-005, -2.790335e-003
        7,  1.400000e-001, -1.240149e-005, -3.298796e-003
        8,  1.600000e-001, -1.240149e-005, -3.794856e-003
        9,  1.800000e-001, -1.240149e-005, -4.290915e-003
       10,  2.000000e-001, -1.240149e-005, -4.786975e-003
       11,  2.200000e-001, -1.240149e-005, -5.283034e-003
       12,  2.400000e-001, -1.364164e-004, -5.828700e-003
       13,  2.600000e-001, -2.604313e-004, -6.200744e-003
       14,  2.800000e-001, -2.604313e-004, -6.696804e-003
       15,  3.000000e-001, -2.604313e-004, -7.130856e-003
       16,  3.200000e-001, -2.604313e-004, -7.688923e-003
       17,  3.400000e-001, -3.100372e-004, -8.073369e-003
       18,  3.600000e-001, -3.968476e-004, -8.557027e-003
       19,  3.800000e-001, -4.092491e-004, -9.139897e-003
       20,  4.000000e-001, -3.844462e-004, -9.549146e-003
       21,  4.200000e-001, -3.844462e-004, -9.983198e-003
       22,  4.400000e-001, -3.844462e-004, -1.049166e-002
       23,  4.600000e-001, -3.968476e-004, -1.112414e-002
       24,  4.800000e-001, -5.084610e-004, -1.165740e-002
       25,  5.000000e-001, -5.084610e-004, -1.209145e-002
       26,  5.200000e-001, -5.084610e-004, -1.240149e-002
       27,  5.400000e-001, -1.000000e+000, -1.000000e+000
       28,  5.600000e-001, -1.000000e+000, -1.000000e+000
       29,  5.800000e-001, -1.000000e+000, -1.000000e+000
       30,  6.000000e-001, -1.000000e+000, -1.000000e+000
       31,  6.200000e-001, -1.000000e+000, -1.000000e+000
       32,  6.400000e-001, -1.000000e+000, -1.000000e+000
       33,  6.600000e-001, -1.000000e+000, -1.000000e+000
       34,  6.800000e-001, -1.000000e+000, -1.000000e+000
       35,  7.000000e-001, -1.000000e+000, -1.000000e+000
       36,  7.200000e-001, -1.000000e+000, -1.000000e+000
       37,  7.400000e-001, -1.000000e+000, -1.000000e+000
       38,  7.600000e-001, -1.000000e+000, -1.000000e+000
       39,  7.800000e-001, -1.000000e+000, -1.000000e+000
       40,  8.000000e-001, -1.000000e+000, -1.000000e+000
       41,  8.200000e-001, -1.000000e+000, -1.000000e+000
       42,  8.400000e-001, -1.000000e+000, -1.000000e+000
       43,  8.600000e-001, -1.000000e+000, -1.000000e+000
       44,  8.800000e-001, -1.000000e+000, -1.000000e+000
       45,  9.000000e-001, -1.000000e+000, -1.000000e+000
       46,  9.200000e-001, -1.000000e+000, -1.000000e+000
       47,  9.400000e-001, -1.000000e+000, -1.000000e+000
       48,  9.600000e-001, -1.000000e+000, -1.000000e+000
       49,  9.800000e-001, -1.000000e+000, -1.000000e+000
       50,  1.000000e+000, -1.000000e+000, -1.000000e+000
       51,  1.020000e+000, -1.000000e+000, -1.000000e+000
       52,  1.040000e+000, -1.000000e+000, -1.000000e+000
       53,  1.060000e+000, -1.000000e+000, -1.000000e+000
       54,  1.080000e+000, -1.000000e+000, -1.000000e+000
       55,  1.100000e+000, -1.000000e+000, -1.000000e+000
       56,  1.120000e+000, -1.000000e+000, -1.000000e+000
       57,  1.140000e+000, -1.000000e+000, -1.000000e+000
       58,  1.160000e+000, -1.000000e+000, -1.000000e+000
       59,  1.180000e+000, -1.000000e+000, -1.000000e+000
       60,  1.200000e+000, -1.000000e+000, -1.000000e+000
       61,  1.220000e+000, -1.000000e+000, -1.000000e+000
       62,  1.240000e+000, -1.000000e+000, -1.000000e+000
       63,  1.260000e+000, -1.000000e+000, -1.000000e+000
       64,  1.280000e+000, -1.000000e+000, -1.000000e+000
       65,  1.300000e+000, -1.000000e+000, -1.000000e+000
       66,  1.320000e+000, -1.000000e+000, -1.000000e+000
       67,  1.340000e+000, -1.000000e+000, -1.000000e+000
       68,  1.360000e+000, -1.000000e+000, -1.000000e+000
       69,  1.380000e+000, -1.000000e+000, -1.000000e+000
       70,  1.400000e+000, -1.000000e+000, -1.000000e+000
       71,  1.420000e+000, -1.000000e+000, -1.000000e+000
       72,  1.440000e+000, -1.000000e+000, -1.000000e+000
       73,  1.460000e+000, -1.000000e+000, -1.000000e+000
       74,  1.480000e+000, -1.000000e+000, -1.000000e+000
       75,  1.500000e+000, -1.000000e+000, -1.000000e+000
       76,  1.520000e+000, -1.000000e+000, -1.000000e+000
       77,  1.540000e+000, -1.000000e+000, -1.000000e+000
       78,  1.560000e+000, -1.000000e+000, -1.000000e+000
       79,  1.580000e+000, -1.000000e+000, -1.000000e+000
       80,  1.600000e+000, -1.000000e+000, -1.000000e+000
       81,  1.620000e+000, -1.000000e+000, -1.000000e+000
       82,  1.640000e+000, -1.000000e+000, -1.000000e+000
       83,  1.660000e+000, -1.000000e+000, -1.000000e+000
       84,  1.680000e+000, -1.000000e+000, -1.000000e+000
       85,  1.700000e+000, -1.000000e+000, -1.000000e+000
       86,  1.720000e+000, -1.000000e+000, -1.000000e+000
       87,  1.740000e+000, -1.000000e+000, -1.000000e+000
       88,  1.760000e+000, -1.000000e+000, -1.000000e+000
       89,  1.780000e+000, -1.000000e+000, -1.000000e+000
       90,  1.800000e+000, -1.000000e+000, -1.000000e+000
       91,  1.820000e+000, -1.000000e+000, -1.000000e+000
       92,  1.840000e+000, -1.000000e+000, -1.000000e+000
       93,  1.860000e+000, -1.000000e+000, -1.000000e+000
       94,  1.880000e+000, -1.000000e+000, -1.000000e+000
       95,  1.900000e+000, -1.000000e+000, -1.000000e+000
       96,  1.920000e+000, -1.000000e+000, -1.000000e+000
       97,  1.940000e+000, -1.000000e+000, -1.000000e+000
       98,  1.960000e+000, -1.000000e+000, -1.000000e+000
       99,  1.980000e+000, -1.000000e+000, -1.000000e+000
      100,  2.000000e+000, -1.000000e+000, -1.000000e+000
      101,  2.020000e+000, -1.000000e+000, -1.000000e+000
      102,  2.040000e+000, -1.000000e+000, -1.000000e+000
      103,  2.060000e+000, -1.000000e+000, -1.000000e+000
      104,  2.080000e+000, -1.000000e+000, -1.000000e+000
      105,  2.100000e+000, -1.000000e+000, -1.000000e+000
      106,  2.120000e+000, -1.000000e+000, -1.000000e+000
      107,  2.140000e+000, -1.000000e+000, -1.000000e+000
      108,  2.160000e+000, -1.000000e+000, -1.000000e+000
      109,  2.180000e+000, -1.000000e+000, -1.000000e+000
      110,  2.200000e+000, -1.000000e+000, -1.000000e+000
      111,  2.220000e+000, -1.000000e+000, -1.000000e+000
      112,  2.240000e+000, -1.000000e+000, -1.000000e+000
      113,  2.260000e+000, -1.000000e+000, -1.000000e+000
      114,  2.280000e+000, -1.000000e+000, -1.000000e+000
      115,  2.300000e+000, -1.000000e+000, -1.000000e+000
      116,  2.320000e+000, -1.000000e+000, -1.000000e+000
      117,  2.340000e+000, -1.000000e+000, -1.000000e+000
      118,  2.360000e+000, -1.000000e+000, -1.000000e+000
      119,  2.380000e+000, -1.000000e+000, -1.000000e+000
      120,  2.400000e+000, -1.000000e+000, -1.000000e+000
      121,  2.420000e+000, -1.000000e+000, -1.000000e+000
      122,  2.440000e+000, -1.000000e+000, -1.000000e+000
      123,  2.460000e+000, -1.000000e+000, -1.000000e+000
      124,  2.480000e+000, -1.000000e+000, -1.000000e+000
