# Date         : 2017-10-24
# Time         : 15:26:43.552000
# File Name    : E:\2017_18_10_IOFLOW\particles_50Hz\NR8.avi
# Record Rate  : 50.000000
#
# Calibration 1 : Name: Calibration1, Type: Normal, Scale: 79.6509 pixels/centimeter,        0.0125548 centimeters/pixel, Origin: 417.0, 274.4 pixels, Tilt: 0 degrees, System: Right-Handed Coordinate, Calibration Units: Centimeters
# Export Units : Meters
#
#
#   Frame   Time            Feature 1 ()                  
#                           x               y             
      -10, -2.000000e-001, -1.000000e+000, -1.000000e+000
       -9, -1.800000e-001, -1.000000e+000, -1.000000e+000
       -8, -1.600000e-001, -1.000000e+000, -1.000000e+000
       -7, -1.400000e-001, -1.000000e+000, -1.000000e+000
       -6, -1.200000e-001, -1.000000e+000, -1.000000e+000
       -5, -1.000000e-001, -1.000000e+000, -1.000000e+000
       -4, -8.000000e-002, -1.000000e+000, -1.000000e+000
       -3, -6.000000e-002, -1.000000e+000, -1.000000e+000
       -2, -4.000000e-002, -1.000000e+000, -1.000000e+000
       -1, -2.000000e-002, -1.000000e+000, -1.000000e+000
        0,  0.000000e+000, -2.510958e-004, -7.532873e-005
        1,  2.000000e-002, -1.883218e-004, -4.143080e-004
        2,  4.000000e-002, -3.013149e-004, -6.528490e-004
        3,  6.000000e-002, -2.887601e-004, -8.788352e-004
        4,  8.000000e-002, -3.138697e-004, -1.142486e-003
        5,  1.000000e-001, -2.008766e-004, -1.381027e-003
        6,  1.200000e-001, -1.883218e-004, -1.619568e-003
        7,  1.400000e-001, -2.259862e-004, -2.021321e-003
        8,  1.600000e-001, -2.259862e-004, -2.272417e-003
        9,  1.800000e-001, -2.259862e-004, -2.661615e-003
       10,  2.000000e-001, -1.757670e-004, -2.900156e-003
       11,  2.200000e-001, -2.259862e-004, -3.289355e-003
       12,  2.400000e-001, -1.883218e-004, -3.527896e-003
       13,  2.600000e-001, -2.510958e-004, -3.778991e-003
       14,  2.800000e-001, -2.510958e-004, -4.168190e-003
       15,  3.000000e-001, -1.883218e-004, -4.406731e-003
       16,  3.200000e-001, -1.757670e-004, -4.657827e-003
       17,  3.400000e-001, -2.510958e-004, -5.047025e-003
       18,  3.600000e-001, -1.883218e-004, -5.285566e-003
       19,  3.800000e-001, -2.259862e-004, -5.524107e-003
       20,  4.000000e-001, -1.632123e-004, -5.925860e-003
       21,  4.200000e-001, -2.259862e-004, -6.302504e-003
       22,  4.400000e-001, -1.757670e-004, -6.553600e-003
       23,  4.600000e-001, -1.757670e-004, -6.792141e-003
       24,  4.800000e-001, -2.510958e-004, -7.206449e-003
       25,  5.000000e-001, -1.883218e-004, -7.419880e-003
       26,  5.200000e-001, -1.883218e-004, -7.670976e-003
       27,  5.400000e-001, -2.008766e-004, -8.009955e-003
       28,  5.600000e-001, -1.883218e-004, -8.298715e-003
       29,  5.800000e-001, -2.510958e-005, -8.612585e-003
       30,  6.000000e-001, -2.510958e-005, -8.989229e-003
       31,  6.200000e-001, -1.381027e-004, -9.252879e-003
       32,  6.400000e-001,  0.000000e+000, -9.616968e-003
       33,  6.600000e-001,  0.000000e+000, -9.868064e-003
       34,  6.800000e-001,  0.000000e+000, -1.011916e-002
       35,  7.000000e-001,  1.255479e-005, -1.043303e-002
       36,  7.200000e-001,  1.255479e-005, -1.080967e-002
       37,  7.400000e-001,  1.255479e-005, -1.118632e-002
       38,  7.600000e-001,  0.000000e+000, -1.156296e-002
       39,  7.800000e-001,  0.000000e+000, -1.193960e-002
       40,  8.000000e-001,  0.000000e+000, -1.200238e-002
       41,  8.200000e-001,  0.000000e+000, -1.225347e-002
       42,  8.400000e-001,  0.000000e+000, -1.250457e-002
       43,  8.600000e-001,  0.000000e+000, -1.275567e-002
       44,  8.800000e-001,  2.510958e-005, -1.315742e-002
       45,  9.000000e-001,  2.510958e-005, -1.364706e-002
       46,  9.200000e-001,  8.788352e-005, -1.376005e-002
       47,  9.400000e-001,  2.510958e-005, -1.399859e-002
       48,  9.600000e-001, -1.255479e-004, -1.422458e-002
       49,  9.800000e-001, -8.788352e-005, -1.453845e-002
       50,  1.000000e+000,  8.788352e-005, -1.486487e-002
       51,  1.020000e+000, -6.277394e-005, -1.511597e-002
       52,  1.040000e+000, -6.277394e-005, -1.549261e-002
       53,  1.060000e+000, -6.277394e-005, -1.584414e-002
       54,  1.080000e+000, -1.255479e-004, -1.401114e-002
       55,  1.100000e+000, -1.255479e-004, -1.401114e-002
       56,  1.120000e+000, -1.255479e-004, -1.401114e-002
       57,  1.140000e+000, -1.255479e-004, -1.401114e-002
       58,  1.160000e+000, -1.255479e-004, -1.401114e-002
       59,  1.180000e+000, -1.255479e-004, -1.401114e-002
       60,  1.200000e+000, -1.255479e-004, -1.401114e-002
       61,  1.220000e+000, -1.000000e+000, -1.000000e+000
       62,  1.240000e+000, -1.000000e+000, -1.000000e+000
       63,  1.260000e+000, -1.000000e+000, -1.000000e+000
       64,  1.280000e+000, -1.000000e+000, -1.000000e+000
       65,  1.300000e+000, -1.000000e+000, -1.000000e+000
       66,  1.320000e+000, -1.000000e+000, -1.000000e+000
       67,  1.340000e+000, -1.000000e+000, -1.000000e+000
       68,  1.360000e+000, -1.000000e+000, -1.000000e+000
       69,  1.380000e+000, -1.000000e+000, -1.000000e+000
       70,  1.400000e+000, -1.000000e+000, -1.000000e+000
       71,  1.420000e+000, -1.000000e+000, -1.000000e+000
       72,  1.440000e+000, -1.000000e+000, -1.000000e+000
       73,  1.460000e+000, -1.000000e+000, -1.000000e+000
       74,  1.480000e+000, -1.000000e+000, -1.000000e+000
       75,  1.500000e+000, -1.000000e+000, -1.000000e+000
       76,  1.520000e+000, -1.000000e+000, -1.000000e+000
       77,  1.540000e+000, -1.000000e+000, -1.000000e+000
       78,  1.560000e+000, -1.000000e+000, -1.000000e+000
       79,  1.580000e+000, -1.000000e+000, -1.000000e+000
       80,  1.600000e+000, -1.000000e+000, -1.000000e+000
       81,  1.620000e+000, -1.000000e+000, -1.000000e+000
       82,  1.640000e+000, -1.000000e+000, -1.000000e+000
       83,  1.660000e+000, -1.000000e+000, -1.000000e+000
       84,  1.680000e+000, -1.000000e+000, -1.000000e+000
       85,  1.700000e+000, -1.000000e+000, -1.000000e+000
       86,  1.720000e+000, -1.000000e+000, -1.000000e+000
       87,  1.740000e+000, -1.000000e+000, -1.000000e+000
       88,  1.760000e+000, -1.000000e+000, -1.000000e+000
       89,  1.780000e+000, -1.000000e+000, -1.000000e+000
       90,  1.800000e+000, -1.000000e+000, -1.000000e+000
       91,  1.820000e+000, -1.000000e+000, -1.000000e+000
       92,  1.840000e+000, -1.000000e+000, -1.000000e+000
       93,  1.860000e+000, -1.000000e+000, -1.000000e+000
       94,  1.880000e+000, -1.000000e+000, -1.000000e+000
       95,  1.900000e+000, -1.000000e+000, -1.000000e+000
       96,  1.920000e+000, -1.000000e+000, -1.000000e+000
       97,  1.940000e+000, -1.000000e+000, -1.000000e+000
       98,  1.960000e+000, -1.000000e+000, -1.000000e+000
       99,  1.980000e+000, -1.000000e+000, -1.000000e+000
      100,  2.000000e+000, -1.000000e+000, -1.000000e+000
      101,  2.020000e+000, -1.000000e+000, -1.000000e+000
      102,  2.040000e+000, -1.000000e+000, -1.000000e+000
      103,  2.060000e+000, -1.000000e+000, -1.000000e+000
      104,  2.080000e+000, -1.000000e+000, -1.000000e+000
      105,  2.100000e+000, -1.000000e+000, -1.000000e+000
      106,  2.120000e+000, -1.000000e+000, -1.000000e+000
      107,  2.140000e+000, -1.000000e+000, -1.000000e+000
      108,  2.160000e+000, -1.000000e+000, -1.000000e+000
      109,  2.180000e+000, -1.000000e+000, -1.000000e+000
      110,  2.200000e+000, -1.000000e+000, -1.000000e+000
      111,  2.220000e+000, -1.000000e+000, -1.000000e+000
      112,  2.240000e+000, -1.000000e+000, -1.000000e+000
      113,  2.260000e+000, -1.000000e+000, -1.000000e+000
      114,  2.280000e+000, -1.000000e+000, -1.000000e+000
      115,  2.300000e+000, -1.000000e+000, -1.000000e+000
      116,  2.320000e+000, -1.000000e+000, -1.000000e+000
      117,  2.340000e+000, -1.000000e+000, -1.000000e+000
      118,  2.360000e+000, -1.000000e+000, -1.000000e+000
      119,  2.380000e+000, -1.000000e+000, -1.000000e+000
      120,  2.400000e+000, -1.000000e+000, -1.000000e+000
      121,  2.420000e+000, -1.000000e+000, -1.000000e+000
      122,  2.440000e+000, -1.000000e+000, -1.000000e+000
      123,  2.460000e+000, -1.000000e+000, -1.000000e+000
      124,  2.480000e+000, -1.000000e+000, -1.000000e+000
      125,  2.500000e+000, -1.000000e+000, -1.000000e+000
      126,  2.520000e+000, -1.000000e+000, -1.000000e+000
      127,  2.540000e+000, -1.000000e+000, -1.000000e+000
      128,  2.560000e+000, -1.000000e+000, -1.000000e+000
      129,  2.580000e+000, -1.000000e+000, -1.000000e+000
      130,  2.600000e+000, -1.000000e+000, -1.000000e+000
      131,  2.620000e+000, -1.000000e+000, -1.000000e+000
      132,  2.640000e+000, -1.000000e+000, -1.000000e+000
      133,  2.660000e+000, -1.000000e+000, -1.000000e+000
      134,  2.680000e+000, -1.000000e+000, -1.000000e+000
      135,  2.700000e+000, -1.000000e+000, -1.000000e+000
      136,  2.720000e+000, -1.000000e+000, -1.000000e+000
      137,  2.740000e+000, -1.000000e+000, -1.000000e+000
      138,  2.760000e+000, -1.000000e+000, -1.000000e+000
      139,  2.780000e+000, -1.000000e+000, -1.000000e+000
      140,  2.800000e+000, -1.000000e+000, -1.000000e+000
      141,  2.820000e+000, -1.000000e+000, -1.000000e+000
      142,  2.840000e+000, -1.000000e+000, -1.000000e+000
      143,  2.860000e+000, -1.000000e+000, -1.000000e+000
      144,  2.880000e+000, -1.000000e+000, -1.000000e+000
      145,  2.900000e+000, -1.000000e+000, -1.000000e+000
      146,  2.920000e+000, -1.000000e+000, -1.000000e+000
      147,  2.940000e+000, -1.000000e+000, -1.000000e+000
      148,  2.960000e+000, -1.000000e+000, -1.000000e+000
      149,  2.980000e+000, -1.000000e+000, -1.000000e+000
      150,  3.000000e+000, -1.000000e+000, -1.000000e+000
      151,  3.020000e+000, -1.000000e+000, -1.000000e+000
      152,  3.040000e+000, -1.000000e+000, -1.000000e+000
      153,  3.060000e+000, -1.000000e+000, -1.000000e+000
      154,  3.080000e+000, -1.000000e+000, -1.000000e+000
      155,  3.100000e+000, -1.000000e+000, -1.000000e+000
      156,  3.120000e+000, -1.000000e+000, -1.000000e+000
      157,  3.140000e+000, -1.000000e+000, -1.000000e+000
      158,  3.160000e+000, -1.000000e+000, -1.000000e+000
      159,  3.180000e+000, -1.000000e+000, -1.000000e+000
      160,  3.200000e+000, -1.000000e+000, -1.000000e+000
      161,  3.220000e+000, -1.000000e+000, -1.000000e+000
      162,  3.240000e+000, -1.000000e+000, -1.000000e+000
      163,  3.260000e+000, -1.000000e+000, -1.000000e+000
      164,  3.280000e+000, -1.000000e+000, -1.000000e+000
      165,  3.300000e+000, -1.000000e+000, -1.000000e+000
      166,  3.320000e+000, -1.000000e+000, -1.000000e+000
      167,  3.340000e+000, -1.000000e+000, -1.000000e+000
      168,  3.360000e+000, -1.000000e+000, -1.000000e+000
      169,  3.380000e+000, -1.000000e+000, -1.000000e+000
      170,  3.400000e+000, -1.000000e+000, -1.000000e+000
